fe010113
00000000
00000000
00000000
00812e23
00000000
00000000
00000000
02010413
00000000
00000000
00000000
0000b7b7
00000000
00000000
00000000
bcd78793
00000000
00000000
00000000
fef42223
00000000
00000000
00000000
00200793
00000000
00000000
00000000
fef42023
00000000
00000000
00000000
fe042623
00000000
00000000
00000000
fe042423
00000000
00000000
00000000
01c0006f
00000000
00000000
00000000
fec42783
00000000
00000000
00000000
00378793
00000000
00000000
00000000
fef42623
00000000
00000000
00000000
fe842783
00000000
00000000
00000000
00178793
00000000
00000000
00000000
fef42423
00000000
00000000
00000000
fe842703
00000000
00000000
00000000
fe042783 
00000000
00000000
00000000
fef740e3
00000000
00000000
00000000
00000793
